gene	BL6_HNF4A	CAST_HNF4A	SPRET_HNF4A	CAR_HNF4A
ENSMUSG00000000001	244.625	338.4166667	159	96.5
ENSMUSG00000000003	0	41	0	0
ENSMUSG00000000028	184.5	199.6875	289.4	107
ENSMUSG00000000037	0	0	41	20
ENSMUSG00000000049	224.2631579	179.7916667	191.5	120.1875
ENSMUSG00000000056	266.25	317.0769231	141.4	204.8333333
ENSMUSG00000000058	165.3333333	98.25	141.3333333	58.5
ENSMUSG00000000078	142.25	246.2	96.5	78
ENSMUSG00000000085	145.5	119.8	0	31
ENSMUSG00000000088	156.8888889	191	181	88
ENSMUSG00000000093	122.7777778	145.4444444	101.25	93.5
ENSMUSG00000000094	71.16666667	98.83333333	90.33333333	43
ENSMUSG00000000103	0	0	0	43.5
ENSMUSG00000000120	154.3333333	104.75	103	63
ENSMUSG00000000125	179.4285714	214	198.3333333	75.75
ENSMUSG00000000126	162.6666667	168.75	147.6666667	144
ENSMUSG00000000127	130.25	85.5	36.5	109
ENSMUSG00000000131	186.3846154	269.7647059	160.8	146.7142857
ENSMUSG00000000134	112.8	88.18181818	70.1	50.4
ENSMUSG00000000142	236	158.3636364	237.8333333	102.3333333
ENSMUSG00000000148	169.5714286	220.1666667	84.33333333	0
ENSMUSG00000000149	264	322	114.0833333	83
ENSMUSG00000000154	243.2	255.7	178.1	140.7
ENSMUSG00000000157	317.25	388	278	102.3333333
ENSMUSG00000000159	318.1666667	327.7142857	206.6	99
ENSMUSG00000000167	280.3684211	321.0833333	189.1666667	142.5555556
ENSMUSG00000000168	257.1666667	282.9	171.3076923	132.25
ENSMUSG00000000171	298.8421053	328.2307692	195.4615385	140.5
ENSMUSG00000000182	73	85	71	45
ENSMUSG00000000183	73	85	71	0
ENSMUSG00000000184	73	85	71	45
ENSMUSG00000000194	113.75	205.25	99.25	105.1111111
ENSMUSG00000000197	0	0	0	0
ENSMUSG00000000202	331.2222222	344.1	212	162.375
ENSMUSG00000000204	91.5	148.5	80	72.5
ENSMUSG00000000214	49	36	43	25
ENSMUSG00000000215	168.75	99.25	63	49
ENSMUSG00000000216	177.875	165.5	99	68.8
ENSMUSG00000000223	79	72	0	0
ENSMUSG00000000244	243.75	193	118.6	166.5
ENSMUSG00000000247	188.375	126.8333333	117.4	69.57142857
ENSMUSG00000000248	243.4	226.3333333	117.8571429	0
ENSMUSG00000000253	227.6666667	214.75	230.5	145
ENSMUSG00000000263	0	186	83	0
ENSMUSG00000000266	200	163.1111111	214.5	56
ENSMUSG00000000275	341.1428571	289.7692308	170.9	121.7142857
ENSMUSG00000000276	363.9	297.9166667	200.125	130.1666667
ENSMUSG00000000278	316.2631579	261.952381	213.5454545	121.75
ENSMUSG00000000282	281.5238095	246.5625	230.3636364	145.875
ENSMUSG00000000290	408	390.6111111	236.2	157.9230769
ENSMUSG00000000295	46	40	0	68.5
ENSMUSG00000000296	208.1666667	180.6666667	204.75	80.8
ENSMUSG00000000301	195.5294118	211.2380952	191.3636364	96.92307692
ENSMUSG00000000303	124.9333333	162.8095238	148.2352941	104.4615385
ENSMUSG00000000305	138	40	0	20
ENSMUSG00000000308	189.5833333	223	119.25	136.5714286
ENSMUSG00000000317	137.75	161.2222222	112.4444444	111.8
ENSMUSG00000000318	248.6363636	308.8571429	241.7777778	115.1
ENSMUSG00000000320	137.75	161.2222222	123.8333333	97.83333333
ENSMUSG00000000325	523.4615385	392.7647059	264.0625	176.8571429
ENSMUSG00000000326	503.4615385	378.5294118	250.0555556	189.5
ENSMUSG00000000339	126.1666667	75.16666667	96.5	82.5
ENSMUSG00000000340	126.1666667	76	96.5	82.5
ENSMUSG00000000346	304.8	234.3333333	228.5555556	93.33333333
ENSMUSG00000000355	83	97	63	0
ENSMUSG00000000359	189.9090909	160.1	186.1428571	86.33333333
ENSMUSG00000000365	36	55	21	77
ENSMUSG00000000374	176.2857143	194.0555556	171.6666667	88.77777778
ENSMUSG00000000378	139.625	112.4285714	87.75	66.75
ENSMUSG00000000381	135.6666667	107.1538462	95.25	72
ENSMUSG00000000384	143.1428571	108.8	87.2	66.75
ENSMUSG00000000385	257.0909091	207.1111111	168	81
ENSMUSG00000000386	216.1	171.4	104.6	60.66666667
ENSMUSG00000000392	142.625	118.8333333	258.2	76
ENSMUSG00000000394	285.8	287.2	198.5	142
ENSMUSG00000000399	88.33333333	126.3333333	133	0
ENSMUSG00000000402	69	82	67.5	65
ENSMUSG00000000409	150.8	118.7777778	93.66666667	109
ENSMUSG00000000411	140.8888889	112.25	104.75	96
ENSMUSG00000000416	0	0	0	80.66666667
ENSMUSG00000000420	163.5	173.5	173	0
ENSMUSG00000000435	0	172.3333333	0	0
ENSMUSG00000000439	204.9444444	205.6153846	204.1111111	108.1428571
ENSMUSG00000000440	423	283.5	186.6	145.75
ENSMUSG00000000441	219.7647059	217.9230769	230.7142857	114
ENSMUSG00000000486	324.8461538	363.9473684	152.75	222.5
ENSMUSG00000000489	161	163.4	0	47.33333333
ENSMUSG00000000530	238.8333333	259.2666667	248	130.5
ENSMUSG00000000531	302.5	326.7692308	243.5714286	111.6666667
ENSMUSG00000000532	248.6666667	300	258.2222222	131.9166667
ENSMUSG00000000538	204.5	158.9285714	150.5	93.66666667
ENSMUSG00000000544	136.5	116.3333333	63.5	77
ENSMUSG00000000552	282.0833333	221.2	165.1666667	88.91666667
ENSMUSG00000000555	279.3636364	233.75	160.2	90.5
ENSMUSG00000000560	0	0	0	0
ENSMUSG00000000561	178	76.8	125.6	90.4
ENSMUSG00000000562	145.5	80.5	109	88.16666667
ENSMUSG00000000563	178	76.8	125.6	90.4
ENSMUSG00000000567	161.2941176	216.2727273	148.8	53
ENSMUSG00000000568	186.2857143	110.25	87.16666667	100
ENSMUSG00000000579	38	74	0	0
ENSMUSG00000000581	83.5	78.85714286	95	83
ENSMUSG00000000594	238	222.7857143	88.11111111	100.9090909
ENSMUSG00000000600	98.33333333	91.66666667	82	0
ENSMUSG00000000605	497	415	0	0
ENSMUSG00000000606	53	0	126	0
ENSMUSG00000000617	252	95	138.5	62
ENSMUSG00000000627	192	99.14285714	192	58.66666667
ENSMUSG00000000628	70.66666667	114.8333333	89.33333333	22
ENSMUSG00000000631	250.1176471	385.3333333	183.5	146.8333333
ENSMUSG00000000632	306.9	310	450	181.8
ENSMUSG00000000673	328.5833333	264.7142857	306.375	187.5833333
ENSMUSG00000000682	254.3333333	208.2307692	209.4	91.33333333
ENSMUSG00000000686	261.8	265.7777778	199	139
ENSMUSG00000000690	0	47	0	20
ENSMUSG00000000693	227.75	284.0833333	221.6666667	159
ENSMUSG00000000701	0	0	0	0
ENSMUSG00000000702	0	0	0	0
ENSMUSG00000000706	110.4375	113.625	106	73
ENSMUSG00000000708	223.5238095	223.1875	234.6666667	102.875
ENSMUSG00000000711	245.1052632	213.9	132.7777778	159.3333333
ENSMUSG00000000724	270.5333333	406.1	190.8888889	136.7
ENSMUSG00000000730	150.2	121.1538462	59.66666667	94.66666667
ENSMUSG00000000731	150.2	121.1538462	59.66666667	94.66666667
ENSMUSG00000000732	131.9166667	115.6923077	101	94.66666667
ENSMUSG00000000738	146.2	203.375	148.0625	97.8
ENSMUSG00000000739	279.75	305	311.3636364	197.4
ENSMUSG00000000740	184.15	236.6470588	185.5	101.3
ENSMUSG00000000743	308.9	309.7272727	333.1111111	177.1666667
ENSMUSG00000000751	316.8	260.95	239.3157895	236.2222222
ENSMUSG00000000753	491.7368421	397.52	278.5454545	250.375
ENSMUSG00000000759	256.4444444	205.2	174.25	42
ENSMUSG00000000766	0	0	0	0
ENSMUSG00000000776	441.4210526	307.7272727	331.3888889	154.1333333
ENSMUSG00000000782	252.8235294	217	162.2142857	136
ENSMUSG00000000787	116.3	184.6666667	134.4285714	74.6
ENSMUSG00000000791	233.5714286	247.0384615	199.4	212.1666667
ENSMUSG00000000792	241	201.4705882	240	226.4
ENSMUSG00000000794	94	82.71428571	49.5	0
ENSMUSG00000000804	91.5	95.71428571	73	74.5
ENSMUSG00000000805	237.9090909	288.4444444	136.25	133.9
ENSMUSG00000000811	156.25	205.5	120.3333333	112.25
ENSMUSG00000000817	138	85	131.2	47
ENSMUSG00000000823	151.7333333	163.3571429	142.6666667	85
ENSMUSG00000000826	168.9230769	177.1538462	169	85
ENSMUSG00000000827	173.5	198.8	175.2857143	76.6
ENSMUSG00000000838	128.3333333	106	40	33.5
ENSMUSG00000000861	35	113	0	0
ENSMUSG00000000869	215.3333333	133.6666667	149	55.66666667
ENSMUSG00000000876	330.8461538	261.6428571	234.7777778	101.6666667
ENSMUSG00000000881	113.125	87.42857143	65.25	22
ENSMUSG00000000884	489.0833333	567.3	284.4615385	165.4
ENSMUSG00000000889	480.1	538.625	415.1666667	196
ENSMUSG00000000901	249.2142857	232.8571429	112.1111111	133.2857143
ENSMUSG00000000902	286.7647059	239.3529412	152.6153846	128.8
ENSMUSG00000000903	259.6923077	237.2307692	112.1111111	148.8333333
ENSMUSG00000000915	312.0625	176.875	321.4615385	115.2222222
ENSMUSG00000000916	167.6666667	182.8333333	241.25	0
ENSMUSG00000000934	281.6666667	108.1428571	186.4	177.8333333
ENSMUSG00000000938	129.25	86.25	123	103.5
ENSMUSG00000000942	140	86.25	123	104.6666667
ENSMUSG00000000948	125	0	0	0
ENSMUSG00000000957	211.8333333	247.9	150.625	71.85714286
ENSMUSG00000000958	217.2727273	261.6666667	150.625	71.85714286
ENSMUSG00000000959	208.8181818	261.7777778	157.375	89.85714286
ENSMUSG00000000976	334.25	422.6	201.3076923	133.4285714
ENSMUSG00000000982	369.3636364	482.5	255.3333333	199.2222222
ENSMUSG00000000983	304.7777778	824.5	226.8	134.1666667
ENSMUSG00000001014	216.9444444	239.1538462	197.2222222	124.4285714
ENSMUSG00000001016	199.1818182	119.5	191.6666667	99
ENSMUSG00000001017	199.1818182	119.5	191.6666667	99
ENSMUSG00000001018	199.1818182	119.5	191.6666667	99
ENSMUSG00000001020	216.5	133.8	130.5	99
ENSMUSG00000001021	216.5	133.8	130.5	99
ENSMUSG00000001023	216.5	133.8	130.5	99
ENSMUSG00000001025	310.5	127.75	130.5	99
ENSMUSG00000001027	192.2105263	172.2631579	162.0833333	93.44444444
ENSMUSG00000001029	177.7777778	199.7222222	118.5	104.8181818
ENSMUSG00000001034	258	186.2727273	205.125	117.125
ENSMUSG00000001036	275.8571429	187.8888889	187.8571429	109.2857143
ENSMUSG00000001039	258	186.2727273	205.125	117.125
ENSMUSG00000001052	111	128.6666667	67.5	42
ENSMUSG00000001053	253.8571429	284.4666667	144.3076923	139.7272727
ENSMUSG00000001054	233.25	239.8	138.0909091	124.6363636
ENSMUSG00000001056	218.4	236.7857143	127.5	124.6666667
ENSMUSG00000001062	260.6923077	287.8333333	305.6	146.375
ENSMUSG00000001065	260.6923077	287.8333333	305.6	146.375
ENSMUSG00000001076	365.1818182	210.2	436.6	100.625
ENSMUSG00000001082	149	231.75	261.5	166
ENSMUSG00000001089	235.5384615	337.8888889	364.2	125.75
ENSMUSG00000001095	264.4761905	250.9473684	228.8461538	145
ENSMUSG00000001098	127.2857143	119.7142857	99.66666667	85
ENSMUSG00000001100	257.1666667	240	204.25	136.375
ENSMUSG00000001103	296	280.0714286	230.4615385	136.375
ENSMUSG00000001105	269.4615385	273	213.4	146.625
ENSMUSG00000001119	81	36.33333333	0	53
ENSMUSG00000001120	144.5555556	170.75	195.8888889	92.14285714
ENSMUSG00000001123	482	552.6	443	97.8
ENSMUSG00000001127	78	84.5	46.66666667	40
ENSMUSG00000001128	125	176.5	92	40
ENSMUSG00000001131	94	132	62.25	40
ENSMUSG00000001134	126	227	109	0
ENSMUSG00000001138	214.1428571	225.75	177.8	95.83333333
ENSMUSG00000001143	193.5714286	252.7272727	171.2	103.6
ENSMUSG00000001150	100.8	208.3333333	115.6	84
ENSMUSG00000001151	107.25	197.3333333	126	89
ENSMUSG00000001155	352.6	457.8888889	310.625	180.8333333
ENSMUSG00000001156	142.3333333	140.0833333	123.6363636	86.71428571
ENSMUSG00000001157	134.8333333	141.8333333	111.8888889	97
ENSMUSG00000001158	142.3333333	139.8333333	123.6363636	86.71428571
ENSMUSG00000001166	69	102.5	0	58.71428571
ENSMUSG00000001168	69	102.5	0	58.71428571
ENSMUSG00000001173	42	29	26.5	0
ENSMUSG00000001175	202.3333333	216.1	84.875	61
ENSMUSG00000001211	187.5238095	189.8571429	149.7777778	98.4
ENSMUSG00000001225	149.4	187.25	83.5	30.66666667
ENSMUSG00000001227	265.2	316.8076923	225.7692308	107.0555556
ENSMUSG00000001228	218.7058824	215.952381	139.6666667	96.875
ENSMUSG00000001229	286.1481481	320.7407407	217.9565217	124.3333333
ENSMUSG00000001240	123.3333333	144.0555556	157.5	51
ENSMUSG00000001247	344.4782609	328.92	209.2222222	138.7857143
ENSMUSG00000001248	384.4615385	422.5	251.6666667	225.5
ENSMUSG00000001249	360.1428571	367.7857143	235.2	225.5
ENSMUSG00000001260	126	0	0	40.5
ENSMUSG00000001270	94.85714286	123.5333333	89.6	62.66666667
ENSMUSG00000001280	162	199.9333333	162.0833333	90.125
ENSMUSG00000001281	161.7222222	198.1666667	170.3846154	113.4285714
ENSMUSG00000001285	161.5384615	242	169.4545455	88.5
ENSMUSG00000001288	155	129.7142857	131.4166667	162.5
ENSMUSG00000001289	161.5384615	242	169.4545455	88.5
ENSMUSG00000001300	81	64.25	0	57
ENSMUSG00000001305	204	141.4	229	111.3333333
ENSMUSG00000001313	226.0526316	244.8636364	198.7368421	114.4444444
ENSMUSG00000001323	269.4444444	232.7142857	160.5	99
ENSMUSG00000001333	202	216.5882353	184.5	135.6666667
ENSMUSG00000001334	202.4615385	219.0909091	239.75	109.5
ENSMUSG00000001348	238	210.6	197.4615385	132.4285714
ENSMUSG00000001349	238.5	170.1875	212.5	138.3333333
ENSMUSG00000001366	337.4444444	304.8333333	199.3	182.9
ENSMUSG00000001376	133.4	96.5	49.75	39
ENSMUSG00000001379	203.5384615	183.2352941	100.6666667	96.5
ENSMUSG00000001380	112.1	94.16666667	33.5	49
ENSMUSG00000001383	112.1	94.16666667	33.5	49
ENSMUSG00000001403	279	198.7272727	166.5	210.2
ENSMUSG00000001415	309.6470588	316.6923077	186	89.11111111
ENSMUSG00000001416	122	158	142	59
ENSMUSG00000001417	122	158	142	59
ENSMUSG00000001418	325.7142857	354.9	202.2857143	88.125
ENSMUSG00000001419	203.9166667	242.75	168.8	77.66666667
ENSMUSG00000001420	309.6470588	316.6923077	186	89.11111111
ENSMUSG00000001424	260.8571429	184.5714286	206.375	78.16666667
ENSMUSG00000001435	329.0769231	390.25	325	161.3333333
ENSMUSG00000001436	291.3928571	317.1666667	298.1578947	144.1333333
ENSMUSG00000001440	120.3333333	123.1538462	69.25	68.6
ENSMUSG00000001441	159.6	124.8	63.83333333	65.77777778
ENSMUSG00000001444	148.9166667	124.5	117.6666667	100
ENSMUSG00000001445	168.5384615	149.7	138.6666667	189
ENSMUSG00000001467	185.4	106.8461538	119.75	113.6666667
ENSMUSG00000001472	251.2727273	84	147.625	163.6666667
ENSMUSG00000001473	150	233	131.9	142.3333333
ENSMUSG00000001482	376.2857143	109.5	160.5714286	218.5
ENSMUSG00000001493	314.3333333	346.25	292.7142857	66.66666667
ENSMUSG00000001494	329.8571429	297.8333333	263	62.71428571
ENSMUSG00000001496	233	131.5	0	0
ENSMUSG00000001497	230.5	176.3333333	67.5	33
ENSMUSG00000001504	51	0	0	47
ENSMUSG00000001506	102.5	111.6	44.66666667	41.33333333
ENSMUSG00000001507	354.2	241.6	172	92.75
ENSMUSG00000001508	434	342.3333333	118.3333333	91.5
ENSMUSG00000001510	341.25	284.6666667	228.8888889	91.25
ENSMUSG00000001517	229.25	246.125	127.25	81
ENSMUSG00000001518	164.8333333	160.6363636	136.8333333	71.5
ENSMUSG00000001520	168.9090909	155	126.7142857	81
ENSMUSG00000001521	229.25	246.125	127.25	81
ENSMUSG00000001524	140.3333333	123.8	84.4	80
ENSMUSG00000001525	159.2941176	140.4761905	119.7777778	74.07692308
ENSMUSG00000001542	243.65	226.5263158	227	106.8333333
ENSMUSG00000001552	279.3333333	267.4	167.8333333	101.8571429
ENSMUSG00000001555	292.1333333	289.5	138.9	72.6
ENSMUSG00000001558	243.8235294	337	163.1428571	91.4
ENSMUSG00000001566	159.5	77.33333333	312	81
ENSMUSG00000001569	191.3333333	134.4	255	106
ENSMUSG00000001576	330.962963	319.3571429	268.45	140.8181818
ENSMUSG00000001583	256.5454545	193.5	91.8	69.66666667
ENSMUSG00000001588	293.8888889	188.8666667	107	73.33333333
ENSMUSG00000001604	227.8333333	221.1304348	250.5882353	105.2222222
ENSMUSG00000001622	0	0	0	0
ENSMUSG00000001627	223.2	216.3333333	124.1666667	92
ENSMUSG00000001630	117.8	142.2727273	238.8333333	66.66666667
ENSMUSG00000001632	127.1111111	157.0833333	259.3333333	155.5
ENSMUSG00000001642	210.5	83.25	335.5714286	133.5
ENSMUSG00000001655	44.33333333	37	37	0
ENSMUSG00000001656	44.33333333	37	37	0
ENSMUSG00000001657	64.66666667	72.16666667	80.33333333	0
ENSMUSG00000001661	195.7142857	173.7142857	180.5	0
ENSMUSG00000001663	282.875	235.875	164.8235294	108.9333333
ENSMUSG00000001665	258.6086957	215.5217391	169.5	98.57142857
ENSMUSG00000001666	258.6086957	217.3181818	169.5	98.57142857
ENSMUSG00000001670	287.25	286.2307692	217.9	88.58333333
ENSMUSG00000001672	296.4545455	292	203.5	92.4
ENSMUSG00000001674	103	44.5	114	0
ENSMUSG00000001687	157.5	184.1111111	97.4	143
ENSMUSG00000001700	297.65	227.9333333	180.6842105	103.0833333
ENSMUSG00000001707	246.6666667	180.7272727	250.5	94.4
ENSMUSG00000001729	318.9565217	289.8571429	162.9375	167
ENSMUSG00000001739	156.3846154	132.25	102.5	130.4
ENSMUSG00000001741	124	372.5	283	0
ENSMUSG00000001750	312.5833333	205.6521739	271.3636364	136.7142857
ENSMUSG00000001751	251.2631579	262.8421053	126.7777778	85.2
ENSMUSG00000001755	245.15	263.5454545	166.8	85.2
ENSMUSG00000001761	170.9	94.90909091	68.5	0
ENSMUSG00000001763	187	124.25	153.5	66
ENSMUSG00000001767	205.5714286	183	185	90.5
ENSMUSG00000001768	155	156.4	185	71
ENSMUSG00000001773	0	0	0	67
ENSMUSG00000001774	107	137	56	178
ENSMUSG00000001783	84.85714286	114.8333333	136	87.5
ENSMUSG00000001785	111.6666667	124.5	103	76.5
ENSMUSG00000001786	84	75	31	90
ENSMUSG00000001794	258.25	196.3846154	197.3636364	111.4444444
ENSMUSG00000001802	404.7142857	552.5333333	355.7333333	207.7142857
ENSMUSG00000001804	38	147.5	0	27.5
ENSMUSG00000001815	53	76.5	83	0
ENSMUSG00000001819	53	76.5	83	0
ENSMUSG00000001823	53	76.5	83	0
ENSMUSG00000001827	172.8461538	204.8333333	159	110
ENSMUSG00000001829	153	155.4285714	0	106.4
ENSMUSG00000001833	277.4	318.4	237.5	98.66666667
ENSMUSG00000001844	276.5454545	211	91	217
ENSMUSG00000001847	196.5	131.6	118	84.8
ENSMUSG00000001855	238.1666667	133.2	165.2857143	156
ENSMUSG00000001864	256.3333333	135.2	168.1666667	127.25
ENSMUSG00000001865	0	73	0	0
ENSMUSG00000001870	71	0	0	0
ENSMUSG00000001891	299.7272727	244.5833333	276	135.9166667
ENSMUSG00000001901	270.5384615	313.3636364	154.2	105
ENSMUSG00000001909	302.5909091	304.68	169.6363636	130.1111111
ENSMUSG00000001910	302.4782609	304.68	164.0769231	125.8
ENSMUSG00000001911	271.5925926	303.6774194	164.2941176	135.2666667
ENSMUSG00000001918	154.375	95.85714286	129.4	38
ENSMUSG00000001924	71.66666667	58.25	53.75	41
ENSMUSG00000001930	168.2	165.6666667	146.8	73.25
ENSMUSG00000001942	151.75	138.1666667	122.5	0
ENSMUSG00000001943	143.25	117.4285714	84.2	0
ENSMUSG00000001946	143.25	105.75	89.33333333	108
ENSMUSG00000001948	151.75	138.1666667	122.5	0
ENSMUSG00000001962	90.57142857	79.125	78	53
ENSMUSG00000001964	61.5	54.75	38.5	53
ENSMUSG00000001983	268.2222222	281.0833333	214.4	117.6666667
ENSMUSG00000001985	140.8	166.7272727	249.75	103
ENSMUSG00000001986	76	130.6666667	61	0
ENSMUSG00000001988	183.625	181.7857143	257.8	63.83333333
ENSMUSG00000001995	186.5384615	180.0769231	133	78.66666667
ENSMUSG00000001998	145.7777778	178.5	132	74
ENSMUSG00000001999	151.2	144	55.5	108
ENSMUSG00000002006	89	73	83.5	116
ENSMUSG00000002007	119.8	119.4285714	77.5	83.5
ENSMUSG00000002010	128.25	114	73.33333333	116
ENSMUSG00000002012	98	144.7142857	79.2	31
ENSMUSG00000002014	128.25	114	73.33333333	116
ENSMUSG00000002015	109.4285714	128.875	77.5	37
ENSMUSG00000002017	67.33333333	126.3333333	184	0
ENSMUSG00000002020	159	234	212.7142857	79.66666667
ENSMUSG00000002028	311	336.4	204.4285714	108.1428571
ENSMUSG00000002031	314.9285714	333.4545455	160.8888889	125.1666667
ENSMUSG00000002032	272.4166667	305	154.7142857	109.6
ENSMUSG00000002033	284.3076923	349.75	391.2	164.6
ENSMUSG00000002043	249.75	248.2	208.8333333	123.1666667
ENSMUSG00000002052	247.8666667	207.7222222	261.3333333	136
ENSMUSG00000002055	198.6923077	199.0714286	214.8	181
ENSMUSG00000002057	257.4	243.2352941	235.4285714	170
ENSMUSG00000002058	252.1904762	224.7894737	225.3846154	157.8
ENSMUSG00000002059	194.6	174.1363636	128	97.16666667
ENSMUSG00000002064	247.8666667	207.7222222	261.3333333	136
ENSMUSG00000002068	788.8888889	268.9166667	259.5714286	79.57142857
ENSMUSG00000002076	319.9166667	438.8333333	123.2	98.14285714
ENSMUSG00000002083	217.4285714	295.1428571	137.1428571	99.5
ENSMUSG00000002100	227.375	164.25	177.0909091	111.5555556
ENSMUSG00000002102	169	109.8333333	132.875	87
ENSMUSG00000002103	297	191.4615385	228.3076923	120.5454545
ENSMUSG00000002104	146.1538462	108.2666667	82.75	63.2
ENSMUSG00000002105	180.9230769	116.6666667	131.3333333	82.2
ENSMUSG00000002107	176	140.6666667	210	98
ENSMUSG00000002108	284.3684211	180.3571429	216.5	120.5454545
ENSMUSG00000002109	311.125	205.1818182	254.4545455	122.7
ENSMUSG00000002111	180.9230769	116	131.3333333	82.2
ENSMUSG00000002129	484	381.5555556	314.7647059	192.9375
ENSMUSG00000002147	498.0526316	521.5882353	273.7142857	155.3888889
ENSMUSG00000002190	223	97.5	170.3333333	111.1666667
ENSMUSG00000002204	298.9	251.25	302.8333333	91.66666667
ENSMUSG00000002205	223.0909091	147.2857143	139	89.625
ENSMUSG00000002210	182.6	91.25	359	83.33333333
ENSMUSG00000002221	190	0	54.5	81
ENSMUSG00000002222	463.625	257.7647059	291.8	201
ENSMUSG00000002227	178.75	159.875	140	199.75
ENSMUSG00000002228	146	152.6666667	168.8	204.4
ENSMUSG00000002233	146	157.7777778	168.8	204.4
ENSMUSG00000002240	0	0	0	0
ENSMUSG00000002249	327.5294118	309.3125	210.0769231	108.5714286
ENSMUSG00000002250	263.0588235	232.0666667	234.3	127
ENSMUSG00000002257	249.0666667	227.0769231	212.7777778	147.6666667
ENSMUSG00000002265	274.6666667	264.3333333	153	78
ENSMUSG00000002266	297.5	271.5	153	78
ENSMUSG00000002274	300.3333333	265.0625	190.1875	186.8571429
ENSMUSG00000002279	294.5	302.1666667	143.8571429	94.4
ENSMUSG00000002280	324	229.75	166.5384615	180.5
ENSMUSG00000002289	246.5789474	241.9333333	185.7	101.4285714
ENSMUSG00000002297	0	61	0	103
ENSMUSG00000002307	192.1176471	215.55	319.4	268.8571429
ENSMUSG00000002308	234.6190476	201.1818182	220.1666667	147.3
ENSMUSG00000002319	262.5263158	218.5555556	164.6923077	105.5
ENSMUSG00000002320	258.1	224.3333333	166.9285714	105.5
ENSMUSG00000002324	243.0588235	189.5882353	147.2727273	102.4
ENSMUSG00000002325	239.4285714	160.2857143	144.4	83.875
ENSMUSG00000002326	284.4285714	246.7368421	197.3076923	123
ENSMUSG00000002329	285.047619	253.6842105	197.5384615	119.3571429
ENSMUSG00000002332	273.4375	241.2941176	189	148.7142857
ENSMUSG00000002341	589.2	472.1176471	300.4285714	180.1666667
ENSMUSG00000002342	492.1333333	388.9411765	247.2857143	166.1111111
ENSMUSG00000002343	460.7333333	409.5	253.4615385	166.1111111
ENSMUSG00000002345	562.1875	433.7894737	285.8666667	188.8181818
ENSMUSG00000002346	492.4666667	409.5	247.7857143	166.1111111
ENSMUSG00000002365	222.6470588	236.7333333	189.6	91.4
ENSMUSG00000002372	280.0625	318.5	260.2	152.2222222
ENSMUSG00000002379	273.8333333	295.6666667	264.2	106.5714286
ENSMUSG00000002384	164.1538462	164.125	118.625	112
ENSMUSG00000002393	267.0555556	307.1875	147.6923077	129.9230769
ENSMUSG00000002395	284.7058824	327.4	158.25	129.9230769
ENSMUSG00000002396	272.8888889	310.375	152.7692308	129.9230769
ENSMUSG00000002409	185.6666667	159	78.75	58.33333333
ENSMUSG00000002413	103.8	120.25	106.6666667	51
ENSMUSG00000002416	129.3333333	112.5	187.6	94
ENSMUSG00000002428	186.1	182.8333333	118.75	103
ENSMUSG00000002455	151.7333333	163.3571429	142.6666667	85
ENSMUSG00000002458	136.6666667	123.4444444	97.33333333	0
ENSMUSG00000002459	90.33333333	105.25	38	33
ENSMUSG00000002475	225.8888889	192.625	127.5	90.75
ENSMUSG00000002477	235.3333333	239.6666667	116.8571429	101.6666667
ENSMUSG00000002486	123.1111111	161.2857143	152	108
ENSMUSG00000002489	363.875	448.1666667	247.8	164.3333333
ENSMUSG00000002496	207	204.0769231	139.1875	79.2
ENSMUSG00000002500	261.0526316	263.3333333	171.1578947	92
ENSMUSG00000002504	257.2	257.6875	159.1111111	90.625
ENSMUSG00000002524	270.3571429	159	189.0833333	170.6666667
ENSMUSG00000002546	141.1428571	114.2727273	113.6	83.5
ENSMUSG00000002550	167.6428571	121.5	67.5	70
ENSMUSG00000002565	242.6666667	227	117	51
ENSMUSG00000002578	269.8	239.7	180.2727273	190.5833333
ENSMUSG00000002580	320.2857143	357.4444444	302	111
ENSMUSG00000002588	354.6	322.375	261.6923077	147.75
ENSMUSG00000002602	134.875	182.6666667	102.5	41.5
ENSMUSG00000002603	278.4545455	337.5555556	242.4285714	199.4
ENSMUSG00000002608	302.2	318.3333333	226	222.25
ENSMUSG00000002617	84	192	70	0
ENSMUSG00000002625	179	168.1052632	149.5	119.4444444
ENSMUSG00000002633	166	136.5555556	63	110
ENSMUSG00000002635	181.4	164.7272727	148.4285714	128
ENSMUSG00000002658	229.9090909	238.3076923	162.8888889	143.6666667
ENSMUSG00000002660	229.9090909	228.5384615	179.125	143.6666667
ENSMUSG00000002661	229.9090909	244.9166667	162.8888889	143.6666667
ENSMUSG00000002664	229.9090909	238.3076923	162.8888889	143.6666667
ENSMUSG00000002668	318.1428571	273.7272727	173	135.6666667
ENSMUSG00000002679	151.2	147.8	98.5	79.5
ENSMUSG00000002688	0	0	0	0
ENSMUSG00000002699	0	0	0	0
ENSMUSG00000002718	243.9444444	204.8	162.25	100.1
ENSMUSG00000002728	174.4	188.1666667	185	90.5
ENSMUSG00000002731	176	179.4	0	121
ENSMUSG00000002732	176	179.4	0	121
ENSMUSG00000002733	176	179.4	0	121
ENSMUSG00000002741	253.3076923	340.4285714	286	93.5
ENSMUSG00000002748	400.125	341.625	233.5	136.6363636
ENSMUSG00000002763	379.1333333	240.9411765	294	173.6666667
ENSMUSG00000002767	384.7692308	231.9285714	341	184.5714286
ENSMUSG00000002768	397.9285714	257.375	299	162.1
ENSMUSG00000002769	365.5	244.7777778	280.4615385	173.6666667
ENSMUSG00000002771	215.7142857	204.6666667	233.2222222	104.3
ENSMUSG00000002778	215.7142857	204.6666667	233.2222222	110.1111111
ENSMUSG00000002781	196.4545455	172.875	257.5	104
ENSMUSG00000002797	126.25	148.6363636	139.5714286	102.6666667
ENSMUSG00000002799	129.875	117.5	106.5	103.3333333
ENSMUSG00000002803	136.5555556	140.5	144.8571429	121
ENSMUSG00000002804	137.25	117.5	93.2	121
ENSMUSG00000002808	0	0	0	0
ENSMUSG00000002812	384.0666667	418	268	138.4285714
ENSMUSG00000002814	310.2916667	330.9545455	225.4	137.2222222
ENSMUSG00000002820	215.5263158	299.2777778	199.3076923	79.5
ENSMUSG00000002825	176.375	132.2	142.5	53
ENSMUSG00000002831	253.6666667	307.9259259	234.44	111.1764706
ENSMUSG00000002833	260.3	319.8076923	226.2272727	111.1333333
ENSMUSG00000002835	219.375	269.75	186.2777778	83.33333333
ENSMUSG00000002844	162.5714286	140.4166667	130.6666667	115.4
ENSMUSG00000002845	120.125	131.5	85.4	72.66666667
ENSMUSG00000002846	155.1	160	122.2727273	59.6
ENSMUSG00000002847	161.125	146.8333333	161.7142857	106
ENSMUSG00000002870	243.8571429	284.25	128	109.2
ENSMUSG00000002871	243.8571429	284.25	128	109.2
ENSMUSG00000002881	148.75	211.6666667	83.5	30.5
ENSMUSG00000002885	81.75	96	39	0
ENSMUSG00000002897	249.2307692	233.6666667	257.4444444	203.25
ENSMUSG00000002900	97.33333333	92.5	78.5	79
ENSMUSG00000002908	209.6470588	195	210.4285714	212.1666667
ENSMUSG00000002910	200.8421053	201.7272727	210.4285714	212.1666667
ENSMUSG00000002930	0	203	133.6666667	157
ENSMUSG00000002944	183.4285714	200	152.25	131.6666667
ENSMUSG00000002948	139.3333333	161.25	143	121.5
ENSMUSG00000002949	151.0909091	172.3636364	143	137
ENSMUSG00000002957	276.7142857	260.2666667	204.25	110.75
ENSMUSG00000002963	222.5	160.0714286	160.6666667	94
ENSMUSG00000002968	203.6470588	138.5	148.7142857	72.125
ENSMUSG00000002980	723.5	861.8421053	344.0588235	167.8666667
ENSMUSG00000002981	748.6153846	759.6428571	241.5454545	137.7368421
ENSMUSG00000002983	611.8823529	613.9411765	239.3076923	143.4761905
ENSMUSG00000002984	658.5	749.2	252.75	142.3478261
ENSMUSG00000002985	677.6470588	782.7857143	252.75	145.4285714
ENSMUSG00000002992	790.3333333	830.9166667	253.3	144.7647059
ENSMUSG00000002996	273.4285714	149.1666667	185	126
ENSMUSG00000002997	0	0	0	0
ENSMUSG00000003031	270	237.625	236.6666667	76.83333333
ENSMUSG00000003032	206.5	217	148	196.75
ENSMUSG00000003033	212.7058824	225.3125	164.2857143	99.14285714
ENSMUSG00000003037	270.25	267.1538462	202.1818182	121
ENSMUSG00000003038	236.1111111	193.7	183.3333333	127.375
ENSMUSG00000003039	210.3888889	229.8125	166.9333333	108.1666667
ENSMUSG00000003051	294.5454545	243.4285714	306	86.5
ENSMUSG00000003053	100.3076923	99.5	146	105
ENSMUSG00000003062	58	91.66666667	118.5	102.25
ENSMUSG00000003068	412.76	452.48	222.9	145
ENSMUSG00000003070	451.4137931	483.3571429	249.9130435	150.4545455
ENSMUSG00000003072	412.08	462.8333333	222.55	145.1
ENSMUSG00000003099	264.7777778	272.1666667	140.4	164
ENSMUSG00000003119	298.4	329.7	209.8333333	143.6666667
ENSMUSG00000003123	238.952381	290.45	215.6363636	149.4
ENSMUSG00000003131	187.72	231.7647059	158.3125	81.84615385
ENSMUSG00000003134	233.5714286	205.65	160.6	61.9
ENSMUSG00000003135	246.8823529	233.9473684	193	104.25
ENSMUSG00000003153	357.25	248.2857143	104	175
ENSMUSG00000003154	357.25	248.2857143	104	175
ENSMUSG00000003161	199.4	194	139.6666667	317
ENSMUSG00000003166	189.1538462	175.2666667	156.375	122.2
ENSMUSG00000003178	361.1111111	297.0740741	233.7916667	136.6
ENSMUSG00000003184	183.1428571	161.5333333	103.3	74.44444444
ENSMUSG00000003190	183.1428571	161.5333333	103.3	74.44444444
ENSMUSG00000003198	120.7	177.625	134.5714286	123
ENSMUSG00000003199	147.6666667	220.6666667	171	80.5
ENSMUSG00000003200	219.375	269.75	186.2777778	83.33333333
ENSMUSG00000003206	145.1666667	229.875	179.25	92.66666667
ENSMUSG00000003208	141.4210526	229.875	179.25	92.66666667
ENSMUSG00000003226	188.6	96.33333333	137	54.66666667
ENSMUSG00000003227	0	37	102	0
ENSMUSG00000003228	220	174.8181818	147.5	93
ENSMUSG00000003233	125.5	132.5	114.3333333	68.66666667
ENSMUSG00000003234	125.5	132.5	93.57142857	84
ENSMUSG00000003235	143.5	125.5	106.1428571	68.66666667
ENSMUSG00000003269	217.8333333	175.25	123.8888889	110.625
ENSMUSG00000003271	334.2857143	424.1428571	96.1	111.2222222
ENSMUSG00000003273	318.1666667	468.1	141.8235294	100.3076923
ENSMUSG00000003279	171.6666667	150.2	145.3333333	52
ENSMUSG00000003282	365	407	185	0
ENSMUSG00000003283	195.7142857	198.6	146	251
ENSMUSG00000003299	216.9444444	239.1538462	197.2222222	124.4285714
ENSMUSG00000003308	216.55	291.5238095	191.2857143	79.5
ENSMUSG00000003309	208.3888889	267.2352941	201.25	73
ENSMUSG00000003316	116.5	114.5	81.14285714	67.5
ENSMUSG00000003341	213.9411765	169	153.6	126.1666667
ENSMUSG00000003344	217.8666667	228.6538462	196	138.5454545
ENSMUSG00000003345	238.96	241.2173913	205.4	138.5454545
ENSMUSG00000003346	237.4782609	228.9545455	210.5714286	137.1
ENSMUSG00000003348	217.4193548	238.0454545	201.4117647	125.3333333
ENSMUSG00000003352	266	264.6923077	127.2777778	108.125
ENSMUSG00000003354	306.3846154	281.6666667	152.8461538	97
ENSMUSG00000003355	337.1818182	301	168.1	89.66666667
ENSMUSG00000003360	260.625	233.5	119.3529412	95.8
ENSMUSG00000003363	295.8333333	286.7272727	138.2307692	117.7142857
ENSMUSG00000003378	194.6666667	126.8	127.25	83
ENSMUSG00000003379	217.5	174	124.3333333	0
ENSMUSG00000003380	254.5714286	176.3333333	112.6	83
ENSMUSG00000003382	353	356.8888889	229.4444444	114.1428571
ENSMUSG00000003402	297.5333333	235.1764706	268.7777778	108.375
ENSMUSG00000003410	297.1111111	210.8823529	266	150.875
ENSMUSG00000003411	135.8	119.3333333	41	92.75
ENSMUSG00000003418	0	0	0	0
ENSMUSG00000003420	153.8823529	174.4166667	102.75	110.2
ENSMUSG00000003421	173.6	172.6470588	100.6428571	83.55555556
ENSMUSG00000003423	150.3571429	141.125	91.2	81.16666667
ENSMUSG00000003429	145.7333333	154.1	91.2	81.16666667
ENSMUSG00000003435	336.75	329.1875	241.6666667	146.875
ENSMUSG00000003436	316.625	306.75	221	124.1111111
ENSMUSG00000003437	343.5333333	348.7857143	269.625	146.875
ENSMUSG00000003438	329.8666667	321.1333333	241.6666667	131.25
ENSMUSG00000003444	343.5333333	348.7857143	269.625	146.875
ENSMUSG00000003452	132.6666667	137.2222222	83	26
ENSMUSG00000003458	220.1111111	262.7142857	188.6	74.5
ENSMUSG00000003464	220.1111111	235.875	165	74.5
ENSMUSG00000003469	374.2941176	241.5263158	252.4705882	153.8181818
ENSMUSG00000003476	219.2142857	167.3333333	106.3333333	116.8888889
ENSMUSG00000003477	282.5833333	167.3333333	114.8	144.4
ENSMUSG00000003484	170.2	184	32	61
ENSMUSG00000003500	161.25	137.4285714	134.8571429	100
ENSMUSG00000003505	0	20	26	128
ENSMUSG00000003518	346	297.8333333	263	66.16666667
ENSMUSG00000003526	237.7857143	382.75	303.6666667	143.6
ENSMUSG00000003527	201	199.375	157.125	122.2
ENSMUSG00000003528	216.7272727	212.2142857	150.1428571	134
ENSMUSG00000003531	281.3636364	354.2307692	352	143.6
ENSMUSG00000003534	163	117.2857143	121	93.66666667
ENSMUSG00000003541	151.375	142.047619	126.0555556	77.07692308
ENSMUSG00000003545	167.6875	188.5454545	144.4545455	145.1111111
ENSMUSG00000003546	384.7692308	231.9285714	341	184.5714286
ENSMUSG00000003549	97.23076923	79.875	94.375	148.7142857
ENSMUSG00000003555	211.4074074	268.5	167.625	151.0833333
ENSMUSG00000003559	220.5	281.9047619	167.2307692	131.4545455
ENSMUSG00000003573	476.5555556	417.9375	259.5882353	178
ENSMUSG00000003575	297.1578947	235.0555556	162.9166667	177.7
ENSMUSG00000003581	485	425.0952381	331.8333333	216.4375
ENSMUSG00000003585	496	449.4090909	396.4375	213.7647059
ENSMUSG00000003604	100	99.25	0	0
ENSMUSG00000003617	231.2	222.4166667	186.1111111	90.9
ENSMUSG00000003623	372.8181818	366.1333333	230.1818182	124.8333333
ENSMUSG00000003644	289.875	262.5555556	196.3333333	144.1428571
ENSMUSG00000003657	125	100	0	71.5
ENSMUSG00000003660	202.1428571	179.1	152	127.3333333
ENSMUSG00000003662	202.2	143.2	152	141
ENSMUSG00000003665	79	39	143	0
ENSMUSG00000003680	186.6923077	122.7272727	88.5	33.5
ENSMUSG00000003721	494.6	418.8888889	543.6666667	180
ENSMUSG00000003731	168.5	158.125	71.5	76
ENSMUSG00000003746	212.8181818	207.1333333	230.1428571	129.8
ENSMUSG00000003752	310.5	293.9230769	182.5	133
ENSMUSG00000003762	263.6363636	273.75	182.5	133
ENSMUSG00000003778	94.6	72.6	0	0
ENSMUSG00000003779	94.6	72.6	0	0
ENSMUSG00000003808	242.5909091	252.5652174	157.375	125.0909091
ENSMUSG00000003809	299.7272727	287.3478261	169.1111111	167.4
ENSMUSG00000003810	124.1666667	202.5	133.5555556	33
ENSMUSG00000003812	306.3	311.8947368	175.1176471	169.8888889
ENSMUSG00000003813	235.6666667	242.5185185	155.9411765	117.9230769
ENSMUSG00000003814	234.2173913	237.76	157.375	120.6666667
ENSMUSG00000003824	251.3181818	248.28	163.6470588	131.1
ENSMUSG00000003847	122.2	77.33333333	60.66666667	0
ENSMUSG00000003848	151	165	135.2222222	126.6666667
ENSMUSG00000003849	133.1666667	142.0833333	135.2222222	111.375
ENSMUSG00000003863	255.9	366.2857143	313	162.5
ENSMUSG00000003865	262.4705882	283.7857143	288.5454545	149
ENSMUSG00000003868	242.2631579	283.7857143	288.5454545	149
ENSMUSG00000003872	255.9	366.2857143	313	162.5
ENSMUSG00000003873	234.9545455	249.6666667	290.7692308	149
ENSMUSG00000003882	120.6666667	99.5	191.75	124
ENSMUSG00000003923	178.25	197.875	279.6	136
ENSMUSG00000003929	95.8	108.6666667	0	149.25
ENSMUSG00000003934	215.875	174.1111111	167	53
ENSMUSG00000003948	225.1875	271.5625	127.1428571	107.25
ENSMUSG00000003949	351.2142857	313.952381	293.4	188.3333333
ENSMUSG00000003955	174.8888889	142.7142857	185.4285714	105.6
ENSMUSG00000003970	118.8571429	103.125	67	56
ENSMUSG00000003974	0	0	0	0
ENSMUSG00000003992	104.75	181	101	82
ENSMUSG00000004018	124.7142857	0	0	60.5
ENSMUSG00000004031	129	197	0	0
ENSMUSG00000004032	229.48	231.826087	161.7333333	127.2857143
ENSMUSG00000004035	284.5517241	265.1851852	210.9444444	122.125
ENSMUSG00000004038	312.9354839	311.24	226.2631579	122.96
ENSMUSG00000004040	240.3809524	245.9565217	163.3333333	117.1818182
ENSMUSG00000004043	268.1612903	277.969697	199.9285714	116.6
ENSMUSG00000004044	190.3888889	242.9444444	89.33333333	99.14285714
ENSMUSG00000004054	206.75	282.25	152	174.3333333
ENSMUSG00000004056	236.75	266.8333333	147.2222222	141
ENSMUSG00000004069	192	187.8095238	136.125	100.8461538
ENSMUSG00000004070	205.1052632	183.8636364	154.8	109.1538462
ENSMUSG00000004071	266.7647059	196.3809524	167.2	134.0909091
ENSMUSG00000004085	164.3846154	114.8333333	66.625	106.125
ENSMUSG00000004096	213	87.33333333	57.5	149.2
ENSMUSG00000004098	297.2857143	235.3888889	311.2	159.7333333
ENSMUSG00000004099	299.1	267.85	229.8666667	151.5555556
ENSMUSG00000004100	313.2777778	266.3529412	271.8125	160.6
ENSMUSG00000004105	199.2727273	126.1	89.66666667	147
ENSMUSG00000004110	0	0	29	89.5
ENSMUSG00000004113	115	116	67.5	60
ENSMUSG00000004127	426.25	418.0666667	337.3333333	116.7272727
ENSMUSG00000004151	0	56	137	0
ENSMUSG00000004187	350.8571429	420.5714286	190.9	154.2307692
ENSMUSG00000004207	119.5	135.25	110.6	121
ENSMUSG00000004221	127.5714286	111.125	95.66666667	0
ENSMUSG00000004231	271.3333333	274.25	357	90.5
ENSMUSG00000004233	202.5	143.3333333	209	15
ENSMUSG00000004263	331.2	391.1304348	201.3181818	119.4545455
ENSMUSG00000004264	322.92	374.4761905	204.25	113.8571429
ENSMUSG00000004266	331.2	391.1304348	201.3181818	119.4545455
ENSMUSG00000004267	340	365.7391304	201.7368421	119.7777778
ENSMUSG00000004268	322.92	374.4761905	204.25	113.8571429
ENSMUSG00000004270	299.5185185	370.5	195.2631579	114.8421053
ENSMUSG00000004285	325.0909091	107.75	77.66666667	33.5
ENSMUSG00000004296	159.2	143	25	44
ENSMUSG00000004317	35	0	41	0
ENSMUSG00000004319	130.5555556	158.125	69.25	57
ENSMUSG00000004328	264.7777778	272.1666667	166.5	164
ENSMUSG00000004341	272.1666667	241.7857143	112.375	74.16666667
ENSMUSG00000004344	260	214.2	130.6666667	79.85714286
ENSMUSG00000004347	96	54	0	0
ENSMUSG00000004356	217.6666667	279.8333333	400	85
ENSMUSG00000004359	296	311.8	400	85
ENSMUSG00000004360	0	0	0	0
ENSMUSG00000004364	88.66666667	92.25	81.5	83
ENSMUSG00000004366	379.2727273	398.6	345.8	131.5714286
ENSMUSG00000004371	130.5	158	138.8	54.33333333
ENSMUSG00000004383	128	148.2	300.6666667	105.4
ENSMUSG00000004393	170.6923077	138.5454545	116.5	63.75
ENSMUSG00000004394	170.6923077	138.5454545	116.5	63.75
ENSMUSG00000004415	202.1428571	139.5	109.5	237.5
ENSMUSG00000004446	198	165.3636364	129.4285714	86.57142857
ENSMUSG00000004451	212	154.7857143	116.6	61.2
ENSMUSG00000004455	107.5	122.7142857	119.2	143.3333333
ENSMUSG00000004460	590.1764706	438.76	292.2666667	158.9375
ENSMUSG00000004462	590.1764706	438.76	292.2666667	158.9375
ENSMUSG00000004473	174.7857143	180.1666667	104	80.33333333
ENSMUSG00000004500	208.6666667	192.8846154	142.2307692	168.4705882
ENSMUSG00000004508	62	68.33333333	78	55.33333333
ENSMUSG00000004530	219.5714286	248.375	129.5	71
ENSMUSG00000004535	274.7	279.5	154.4285714	80
ENSMUSG00000004540	68	40.33333333	84.5	0
ENSMUSG00000004542	0	40.33333333	105	0
ENSMUSG00000004552	163.75	140.9090909	36.5	48
ENSMUSG00000004558	374.6153846	444.75	230.75	196
ENSMUSG00000004561	427.7272727	465.7272727	249.4285714	196
ENSMUSG00000004562	360.0625	371.5	198.5	197.4444444
ENSMUSG00000004565	425	461.1111111	184.6	145.3
ENSMUSG00000004567	466.8181818	459.4	198	145.3
ENSMUSG00000004568	390.25	336.5	136	158.4285714
ENSMUSG00000004591	92.25	57.71428571	0	52.66666667
ENSMUSG00000004609	172	275.2857143	151.875	75.44444444
ENSMUSG00000004610	146.4	273	198.5	83.8
ENSMUSG00000004612	146.4	273	198.5	83.8
ENSMUSG00000004613	146.4	273	198.5	83.8
ENSMUSG00000004626	153.2222222	156.75	133.3333333	86.33333333
ENSMUSG00000004630	153.2222222	156.75	133.3333333	86.33333333
ENSMUSG00000004631	0	0	0	0
ENSMUSG00000004633	240.8636364	263.0588235	189.9333333	138.9473684
ENSMUSG00000004637	126.5	177	135	41
ENSMUSG00000004642	453.9	447.2222222	262.7692308	125.75
ENSMUSG00000004651	71	0	0	58.5
ENSMUSG00000004654	263.6	335.8	203.8	174
ENSMUSG00000004655	277.7	316.75	203.8	217.6
ENSMUSG00000004661	295.375	206.3333333	258.25	139.5714286
ENSMUSG00000004665	302.0454545	275	148.7142857	142.375
ENSMUSG00000004667	413.7727273	371.4615385	212.375	151.9473684
ENSMUSG00000004668	199	115	360	62.5
ENSMUSG00000004677	156.0833333	177.3636364	162.125	134.125
ENSMUSG00000004698	0	0	0	0
ENSMUSG00000004707	176	0	0	64
ENSMUSG00000004709	456	54	86	113.6666667
ENSMUSG00000004730	374	213.3333333	224.5	115.3333333
ENSMUSG00000004748	562.4375	480.7	495.6666667	223.2857143
ENSMUSG00000004768	112.7142857	72.75	137	61.4
ENSMUSG00000004771	213.6363636	115.1428571	139.1	98.33333333
ENSMUSG00000004788	242.4545455	123	208.3636364	132.3636364
ENSMUSG00000004789	214.5	199.5	237.4285714	135.25
ENSMUSG00000004791	199.0909091	176.8571429	237.4285714	149.5714286
ENSMUSG00000004798	230.8333333	154.6666667	159	70
ENSMUSG00000004814	232.4	143	121.5714286	203.3333333
ENSMUSG00000004815	310.8181818	252.8181818	280.2222222	139.9
ENSMUSG00000004821	292.6666667	72	210.6666667	180.5
ENSMUSG00000004837	137.7142857	96.66666667	87.25	109.4285714
ENSMUSG00000004842	160	106.75	96	0
ENSMUSG00000004843	160	106.75	96	0
ENSMUSG00000004846	189.375	169.4285714	176.3333333	120.25
ENSMUSG00000004849	168.375	162.4545455	211	81.16666667
ENSMUSG00000004864	422.1666667	302.1111111	255.9230769	130.4615385
ENSMUSG00000004865	501.4444444	328.9230769	289.9	147.125
ENSMUSG00000004872	60	59	71.5	0
ENSMUSG00000004880	0	110	0	33
ENSMUSG00000004885	210.8181818	247.3333333	144.8333333	93.8
ENSMUSG00000004891	209.25	260.125	144.8333333	109
ENSMUSG00000004892	211.7272727	260.125	150.2	109
ENSMUSG00000004894	179.875	260.5714286	191.6	62.5
ENSMUSG00000004895	197.9230769	238.7142857	152	86.83333333
ENSMUSG00000004896	210.8181818	278.4285714	128.4	93.8
ENSMUSG00000004897	202.3636364	238.7142857	128.4	93.8
ENSMUSG00000004902	161.1333333	188.5294118	173.4	134.5
ENSMUSG00000004929	224.1851852	277.4	172.375	133.9090909
ENSMUSG00000004931	272.3043478	184.5	212.4210526	142.625
ENSMUSG00000004933	247.5	178.5714286	212.4210526	142.625
ENSMUSG00000004934	300.32	290.6842105	267.3529412	169.0909091
ENSMUSG00000004936	129.5	139.5	177.75	82.8
ENSMUSG00000004937	232.1153846	336.4545455	210.5263158	126.2307692
ENSMUSG00000004939	263	225.0952381	220.1428571	134.9
ENSMUSG00000004945	225.1428571	237.2857143	96.28571429	73
ENSMUSG00000004947	185.1538462	175.9166667	186.8333333	61.25
ENSMUSG00000004948	185.1538462	166.3076923	186.8333333	61.25
ENSMUSG00000004951	186.9230769	167.2	186.8333333	56.75
ENSMUSG00000004952	74.8	116.625	192.6666667	55
ENSMUSG00000004961	240.4285714	255.5	78.4	256.5
ENSMUSG00000004980	195.1818182	214.8	86	81
ENSMUSG00000004988	213.3333333	194.7	143.25	116.6666667
ENSMUSG00000004994	182.375	216.4285714	151.8888889	122.5
ENSMUSG00000004996	182.375	216.4285714	151.8888889	122.5
ENSMUSG00000005034	157	129.4444444	189.5	77.5
ENSMUSG00000005043	150.625	166.75	121.8888889	114.5
ENSMUSG00000005045	183	101.1428571	155.5	0
ENSMUSG00000005054	149.2	261.8823529	141.8461538	80.71428571
ENSMUSG00000005057	138	100.875	146.75	48
ENSMUSG00000005069	386.15	279.6153846	228.9375	130.6
ENSMUSG00000005078	273.5	261.75	120.25	190
ENSMUSG00000005087	203	149	81.28571429	70
ENSMUSG00000005089	128.4	116.1428571	145	89
ENSMUSG00000005102	116.75	163	37	73.2
ENSMUSG00000005103	381.1666667	372.3333333	174.4166667	115
ENSMUSG00000005107	370.4166667	290.5833333	174.5	111.625
ENSMUSG00000005124	239.6666667	152	186.5714286	141.8
ENSMUSG00000005125	285.2352941	194.5882353	204.5454545	145
ENSMUSG00000005131	250.2857143	169.7058824	193.375	109.5555556
ENSMUSG00000005142	217.6428571	236.8333333	194.5833333	160
ENSMUSG00000005148	109	184	174	0
ENSMUSG00000005150	217.6428571	236.8333333	194.5833333	160
ENSMUSG00000005161	295.3333333	329.5	215.25	171.625
ENSMUSG00000005198	235.3157895	203	124.6	102.4
ENSMUSG00000005202	194.8235294	174.7142857	147.8888889	80
ENSMUSG00000005204	169.3333333	162.5714286	147.875	108.5
ENSMUSG00000005220	333.2857143	262.8333333	117	71
ENSMUSG00000005225	173.875	198.9	138.1666667	0
ENSMUSG00000005232	184.5454545	247.4615385	276.4285714	104.2222222
ENSMUSG00000005233	192.5	263.6666667	276.4285714	104.2222222
ENSMUSG00000005237	215.875	174.1111111	167	53
ENSMUSG00000005251	212.9230769	194.5294118	229.1111111	87.4
ENSMUSG00000005262	182.8461538	198.4705882	289.4	107
ENSMUSG00000005267	61.5	52.75	46	51.5
ENSMUSG00000005268	269.5555556	333.8333333	197.3333333	135
ENSMUSG00000005299	480.875	639.6	291	125.75
ENSMUSG00000005312	236.3076923	186	175.1111111	143
ENSMUSG00000005320	272.8333333	212.9090909	288	132
ENSMUSG00000005338	0	0	74	0
ENSMUSG00000005339	0	0	0	0
ENSMUSG00000005354	340.5555556	354.8235294	305.8181818	208.4285714
ENSMUSG00000005355	161	88	74.33333333	87
ENSMUSG00000005357	0	64	67.5	87
ENSMUSG00000005360	44	103	213.5	0
ENSMUSG00000005362	324	97	62	0
ENSMUSG00000005364	324	97	62	0
ENSMUSG00000005370	107.3333333	107.375	65.5	28
ENSMUSG00000005371	107.3333333	110.25	65.5	25
ENSMUSG00000005373	369.5769231	350.6086957	228.2857143	131.9444444
ENSMUSG00000005374	373.7894737	324.5555556	222.2727273	120.1538462
ENSMUSG00000005378	396.4666667	395.4074074	294.0769231	151.0909091
ENSMUSG00000005397	201.2	134.3333333	190.2	61.33333333
ENSMUSG00000005410	159	146.8571429	104	58.5
ENSMUSG00000005413	151.7272727	146.8571429	104	58.5
ENSMUSG00000005417	175.125	199.75	138	77
ENSMUSG00000005442	183.3	244.5555556	130.8888889	162.6
ENSMUSG00000005447	203.2666667	285.2380952	116.5454545	144.1
ENSMUSG00000005465	171.9090909	213.7647059	147.1111111	120
ENSMUSG00000005469	118.5555556	163.5	88.4	88
ENSMUSG00000005470	118.8333333	151.375	86.75	74.5
ENSMUSG00000005474	241.6666667	219.75	40.5	0
ENSMUSG00000005481	81.75	96	39	0
ENSMUSG00000005483	237.5	210.0769231	154.5555556	125.1666667
ENSMUSG00000005493	329.625	266.2857143	110.1	76.5
ENSMUSG00000005501	383.8928571	341.2962963	349.8	98.75
ENSMUSG00000005503	114.3333333	102.6666667	123	103.5
ENSMUSG00000005505	263.8181818	202.8947368	187.6666667	129.6
ENSMUSG00000005506	276.9090909	207.4444444	187.2857143	129.6
ENSMUSG00000005510	263.8181818	202.8947368	187.6666667	129.6
ENSMUSG00000005514	330.3478261	296.3076923	257.8	217.4705882
ENSMUSG00000005533	74	42	0	0
ENSMUSG00000005534	259.8181818	248.96	214.2142857	117.3076923
ENSMUSG00000005540	101.1666667	85.83333333	115.75	78.5
ENSMUSG00000005547	239.0625	260.625	99.33333333	125.7857143
ENSMUSG00000005553	141.1666667	141.2352941	173.7777778	93
ENSMUSG00000005566	215.3478261	196.8571429	128.6	172.9285714
ENSMUSG00000005575	220.3809524	196.3684211	120.875	172.9285714
ENSMUSG00000005580	302.2352941	268.1764706	226.125	88.5
ENSMUSG00000005583	0	0	0	0
ENSMUSG00000005609	147	145.3571429	229.3333333	102.1666667
ENSMUSG00000005610	157.6666667	132.375	128.25	58.5
ENSMUSG00000005611	236.6	196.6	300.6	108.6666667
ENSMUSG00000005615	158.5625	189.4285714	118.8181818	66.85714286
ENSMUSG00000005621	194.7058824	185.2222222	165.5	108.1428571
ENSMUSG00000005625	180.7692308	168.2	180.5	59.875
ENSMUSG00000005628	178.2857143	181.4375	174.4285714	70.88888889
ENSMUSG00000005640	137.4	97	155	42.5
ENSMUSG00000005649	0	0	0	0
ENSMUSG00000005656	203.9166667	149.4615385	39.71428571	25.33333333
ENSMUSG00000005667	157.5	152.1	70	122
ENSMUSG00000005672	0	45	55	64
ENSMUSG00000005674	316.9285714	343.7368421	305.5	140.4666667
ENSMUSG00000005677	301.4666667	328.9	296.6923077	136
ENSMUSG00000005681	316.9285714	343.7368421	305.5	140.4666667
ENSMUSG00000005682	318.7368421	327.3	268.5882353	154.0909091
ENSMUSG00000005683	353.3125	288.2	265.4375	167.2222222
ENSMUSG00000005686	211.3	135.5	169	123.1428571
ENSMUSG00000005687	276.25	122.75	95.66666667	19
ENSMUSG00000005696	0	0	0	0
ENSMUSG00000005698	175.8571429	124.7272727	111	50.5
ENSMUSG00000005699	278.0714286	247.5	143.7142857	68.75
ENSMUSG00000005705	174.5714286	110.9444444	101.1666667	50.5
ENSMUSG00000005716	233	120	204	82
ENSMUSG00000005718	156.3333333	202.6153846	122.2	150.1428571
ENSMUSG00000005732	215.6666667	141.5	115.8333333	101
ENSMUSG00000005763	255.2222222	271.9	218.8	87.66666667
ENSMUSG00000005774	176.8666667	150	185.7777778	94.57142857
ENSMUSG00000005779	176.7857143	158.1176471	151.9166667	87.3
ENSMUSG00000005800	326	100	40	21
ENSMUSG00000005802	266.25	233.2727273	225.6666667	94.6
ENSMUSG00000005803	278.8181818	273	225.6666667	94.6
ENSMUSG00000005804	278.8181818	273	225.6666667	94.6
ENSMUSG00000005813	206.1428571	184.6666667	146.4444444	89.22222222
ENSMUSG00000005823	379.0714286	335.9375	380.8333333	131.8333333
ENSMUSG00000005824	368.3846154	330.2	317.8333333	122.0909091
ENSMUSG00000005836	193.2	271.7777778	156	89.57142857
ENSMUSG00000005846	212.2142857	215.7692308	165.7142857	102.3333333
ENSMUSG00000005864	0	0	0	0
ENSMUSG00000005871	155	167.8	70	16
ENSMUSG00000005873	164.4	242.8571429	232	41
ENSMUSG00000005881	258.6	242.2	338.4	80.57142857
ENSMUSG00000005882	280.8333333	209.8571429	180	144
ENSMUSG00000005883	182.1428571	261.1111111	155.7777778	132.2
ENSMUSG00000005886	190.4666667	169.125	108.25	97.5
ENSMUSG00000005891	203.8333333	198.6	207.5	0
ENSMUSG00000005892	177.625	217	75.25	101.75
ENSMUSG00000005893	94.75	154	74	116.6666667
ENSMUSG00000005897	260.1904762	277.9047619	224.3333333	68.08333333
ENSMUSG00000005899	152.0909091	139.2	130.2857143	92.83333333
ENSMUSG00000005907	147	147	204.5	69.85714286
ENSMUSG00000005917	0	132	303	0
ENSMUSG00000005936	266.9130435	233.8947368	319.8181818	157
ENSMUSG00000005947	132.4444444	204.5714286	165.75	119
ENSMUSG00000005949	196.1	230.3333333	215.1428571	107.1111111
ENSMUSG00000005950	200.5833333	250.2	204.5	112.3
ENSMUSG00000005951	196.1	230.3333333	215.1428571	107.1111111
ENSMUSG00000005952	235.9166667	276.2727273	252.5555556	105.7272727
ENSMUSG00000005958	0	25.5	0	0
ENSMUSG00000005968	259.3333333	400.8235294	183.4	102
ENSMUSG00000005973	52	46.33333333	83.5	54
ENSMUSG00000005980	190.5	173.8333333	133.2	87.16666667
ENSMUSG00000005981	157.3636364	147.6666667	138.4	73.25
ENSMUSG00000005982	162.4	200.7272727	184.8333333	130.3333333
ENSMUSG00000005983	174.6666667	171.4444444	145.3333333	110
ENSMUSG00000005986	154.0909091	188.3076923	91.77777778	97
ENSMUSG00000005994	261	231.2727273	211.625	113
ENSMUSG00000006005	285.25	160.5	164.75	89.66666667
ENSMUSG00000006007	276.5	141	116	0
ENSMUSG00000006010	285.25	160.5	164.75	89.66666667
ENSMUSG00000006014	285.25	155.1666667	151.8	91.8
ENSMUSG00000006019	209.5555556	299.3333333	143.5	104.3333333
ENSMUSG00000006021	202.5384615	188.4	153.1666667	90.66666667
ENSMUSG00000006024	219.2857143	175.1875	145.9090909	79.5
ENSMUSG00000006050	193	183.2352941	100.6666667	96.5
ENSMUSG00000006056	272.75	183.75	176.75	125.5
ENSMUSG00000006057	261.2857143	183.75	176.75	125.5
ENSMUSG00000006058	296.5	183.75	176.75	122.8
ENSMUSG00000006095	285.2	217.0769231	188.3076923	114.8
ENSMUSG00000006127	144.8125	134.6086957	88.28571429	78.33333333
ENSMUSG00000006134	242.7272727	217.0625	139	101
ENSMUSG00000006143	130.2857143	135.5	179.4	62
ENSMUSG00000006154	119.125	52.75	54.4	123
ENSMUSG00000006169	163.8636364	167.4583333	163.0909091	86.2
ENSMUSG00000006179	147.1	120.5	78	76
ENSMUSG00000006191	288.4	159.6666667	162.25	116
ENSMUSG00000006200	519	0	123	62.25
ENSMUSG00000006204	225.5	288	0	0
ENSMUSG00000006205	127.7142857	125.9	75.14285714	31.5
ENSMUSG00000006215	259.65	297.0625	222.7222222	134.7142857
ENSMUSG00000006216	365.5263158	326.8125	229.75	166.6
ENSMUSG00000006218	353.75	361.3333333	249.3478261	175.3333333
ENSMUSG00000006219	254.1578947	350.3529412	305.8	135.6923077
ENSMUSG00000006221	323.6	293.6875	212.6842105	154.5384615
ENSMUSG00000006235	324.2307692	229.1875	266.25	118.8571429
ENSMUSG00000006241	417.5	294.8	431.6666667	151.7777778
ENSMUSG00000006262	257	358.8181818	222.4285714	132.5
ENSMUSG00000006269	156.25	141.1	242.875	42.5
ENSMUSG00000006270	244	95.66666667	170.4	0
ENSMUSG00000006273	126.4285714	144.5	81.66666667	48.25
ENSMUSG00000006276	144.4705882	129.3333333	123.5	95.46153846
ENSMUSG00000006281	256.2222222	179.8333333	128.1428571	86.33333333
ENSMUSG00000006288	83.33333333	80.75	52.5	0
ENSMUSG00000006289	371.5	242.6153846	191.8333333	98.66666667
ENSMUSG00000006299	280	288.8235294	117.3333333	116.2
ENSMUSG00000006301	328.15	365.7857143	111.6315789	133.5
ENSMUSG00000006304	267.7692308	286.6923077	136.75	105.8333333
ENSMUSG00000006307	177.4615385	128.9285714	194.625	93.25
ENSMUSG00000006310	128.8333333	127.5	143	66
ENSMUSG00000006311	164.6	169.7368421	181.2727273	79
ENSMUSG00000006313	126.7692308	136.3571429	143	66
ENSMUSG00000006315	146.5	140.1764706	174.5555556	93
ENSMUSG00000006333	180.5714286	190	77.33333333	48
ENSMUSG00000006335	165	190	84.4	48
ENSMUSG00000006342	169.3333333	136.2857143	52	171
ENSMUSG00000006344	409.6	311.8571429	242.5	163.1428571
ENSMUSG00000006345	420.1818182	296.2666667	251.1111111	174.125
ENSMUSG00000006356	176.3636364	257.4705882	166.6666667	179.2
ENSMUSG00000006360	176.3636364	257.4705882	166.6666667	179.2
ENSMUSG00000006362	157	139.8571429	312	88.16666667
ENSMUSG00000006369	324.6	335.25	373	165.6
ENSMUSG00000006373	204.7	188.2	115	80.2
ENSMUSG00000006378	285.6	223.6	91.63636364	116.7142857
ENSMUSG00000006386	280.5	0	0	0
ENSMUSG00000006389	349.375	279.8947368	333.8181818	118.8333333
ENSMUSG00000006390	365.5	310.4444444	386.1	142.5714286
ENSMUSG00000006392	364.3571429	291.4	370.6666667	130.1666667
ENSMUSG00000006395	320.7619048	287.1428571	345.9090909	158.75
ENSMUSG00000006398	365.5	310.4444444	353.2727273	142.5714286
ENSMUSG00000006403	324.7647059	356.5238095	338.4166667	137.8125
